00100010101000111111100011000110001000000
11110100011000111110100011000111110000001
01110100011000010000100001000101110000010
11110100011000110001100011000111110000011
11111100001000011110100001000011111000100
11111100001000011110100001000010000000101
01110100011000010111100011000101110000110
10001100011000111111100011000110001000111
01110001000010000100001000010001110001000
00010000100001000010000101001001100001001
10001100101010011000101001001010001001010
10000100001000010000100001000011111001011
10001110111111110101100011000110001001100
10001110011110110111100111000110001001101
01110100011000110001100011000101110001110
11110100011000111110100001000010000001111
01110100011000110001101011001101110010000
11110100011000111110101001001010001010001
01110100011000001110000011000101110010010
11111001000010000100001000010000100010011
10001100011000110001100011000101110010100
10001100011000110001100010101000100010101
10001100011000110001101011101101010010110
10001100010101000100010101000110001010111
10001100010111000100001000010000100011000
11111000010001000100010001000011111011001
01110100011001110101110011000101110011010
00100011000010000100001000010001110011011
01110100010000100110010001000011111011100
01110100010000100110000011000101110011101
00010001100101010010111110001000010011110
11111100001000011110000011000101110011111
01110100011000011110100011000101110100000
11111000010001000100010000100001000100001
01110100011000101110100011000101110100010
01110100011000101111000011000101110100011