0.224805656925219
0.511306595295345
0.398165465517978
0.521173080206464
0.292806313509497
0.283840519042611
0.377088527370751
0.112275885936001
0.464924109384848
0.872136887569044
0.0206799898392893
0.228595917685235
0.306314854559635
0.302710150975133
0.473630814567968
0.0229314663554223
0.573883405688164
0.624954147555378
0.63466331718241
0.617036982726789
0.465642891109755
0.0164445405902548
0.631600004914962
0.0145676406168228
0.365022817796572
0.83623602652747
0.972531652065242
0.294480030562021
0.589127147378925
0.74443695123514
0.114812403970776
0.903254874936889
0.339289868408483
0.943965874586238
0.0978926672124735
0.731523693414183
0.116676677538397
0.939521522698701
0.968346167341036
0.342735855068423
0.638289816509136
0.962913619337098
0.0196469058374161
0.440964531358781
0.96016530551024
0.394144837462411
0.11638830328192
0.583842622388081
0.806470426640692
0.207686286982003
0.718148403204115
0.283461567146453
0.677324774990475
0.409567155134663
0.194156373941412
0.208361116334964
0.879706590380383
0.383597824901155
0.156150262409891
0.456570286982027
0.31130886697737
0.0826084968087303
0.523148738557076
0.720487158149708
0.757324483598268
0.1174251149024
0.889306049276752
0.362348979973397
0.20481748376266
0.742107121153785
0.906254788817025
0.634361882989463
0.656607980214342
0.291927462113987
0.978747166217653
0.502729271772657
0.996797634752839
0.190635473556181
0.0544023351065825
0.970877980334162
0.71984772324555
0.388689029677161
0.488009603921328
0.381440860396922
0.0262885480310249
0.831350836824323
0.225930099946414
0.929722713273821
0.749809500644826
0.889531550877509
0.8518171030338
0.733078852637242
0.78337126028881
0.511775880359009
0.031426988091053
0.555681319700406
0.439764880780021
0.299159747687708
0.683640047760513
0.84274019060784
0.504838788185659
0.754039323308523
0.379025138625421
0.0643633054869079
0.301431498164978
0.083786520214652
0.62685358693211
0.385397312876488
0.43081998891701
0.691427102168755
0.211563481582125
0.689071116824202
0.329195489794573
0.185272282075729
0.736722563736477
0.922619837300209
0.594598892887402
0.141707878160154
0.694198610118683
0.925973646773944
0.891495014955986
0.959583336002931
0.612539479328571
0.31528593288515
0.890290018119984
0.173175936179783
0.850990622700653
0.144832099855334
0.260500474022934
0.423065846517247
0.062964390992636
0.69763788706513
0.506995425795668
0.211662144498742
0.466039192148503
0.965808399937026
0.0096638910517394
0.423646298434421
0.0800093622319444
0.942502027816373
0.204497249892213
0.840532787069926
0.498902724356811
0.0583823984760709
0.677968069295384
0.162745986209598
0.403883362842669
0.598098978213081
0.775053316622532
0.108807150790844
0.961082426813004
0.298057002619867
0.604961137569026
0.757666400986568
0.951245175651854
0.545255452182729
0.141499843979953
0.0637392057402708
0.174073287366924
0.128255561985194
0.232795897513999
0.482021487076777
0.124896838853553
0.00775414239976282
0.628462711176119
0.513925594516995
0.182075691028533
0.11753334529583
0.719233089927227
0.770914163799451
0.91295594624847
0.170952594452981
0.06169851592821
0.75169658230231
0.721476396881731
0.0509622278860594
0.46068061164612
0.5541570808525
0.637317863589766
0.727544031910386
0.769292573337114
0.252891644487573
0.369778783232802
0.151693323232091
0.461983419704243
0.764907388372769
0.0926767494961045
0.7493290248091
0.260416968846888
0.920783739965774
0.824308555957074
0.945924685311469
0.249573011067497
0.95175380024675
0.709706130302374
0.722475762815436
0.715635948216373
0.491148581957048
0.429919687299952
0.164042474778389
0.980670295181065
0.286350017546839
0.878865888285854
0.00413915282308085
0.195851204542374
0.790129832360023
0.236358486691657
0.853264555266716
0.0361900041048368
0.900282947765795
0.0845748405366088
0.587342763127453
0.426421342150504
0.446529255456538
0.358962988648081
0.979904253026426
